0.15717
0.343484
0.497406
0.642828
0.78776
0.876807
0.955703
1.092
1.17863
1.30989
1.42319
1.55057
1.64325
1.72655
1.83315
1.9481
2.07469
2.152
2.26163
2.38238
2.52816
2.72695
2.97268
3.10961
3.24144
3.47168
3.6107
3.76507
3.64643
4.04526
4.07772
4.2499
4.42646
4.50966
4.66122
5.10933
5.6163
5.9959
6.38515
6.384
7.80615
9.43826
9.81806
10.4644
11.0858
12.4591
13.2003
13.6718
13.8898
39.363
46.4768
48.3994
50.5553
51.7496
52.6642
53.3775
53.8148
54.2403
54.6845
54.9466
55.2137
55.4529
55.6277
55.7804
55.9181
56.1164
56.3066
56.4481
56.6105
56.7366
56.833
56.9115
56.9914
57.1305
57.2407
57.3361
57.3983
57.4511
57.5008
57.5527
57.5709
