0.507383
1.10106
1.59749
2.11461
2.68961
3.3
3.7938
4.18724
4.73096
5.50242
6.06171
6.39927
6.87888
7.55712
8.13559
8.66237
8.37398
8.79129
9.97744
10.3979
11.2887
12.2316
13.7365
15.1079
15.4822
15.8237
16.8307
18.9745
20.6669
21.592
22.5999
23.0983
23.0495
23.8903
26.4051
32.6527
34.685
38.8394
47.295
51.0006
101.92
150.441
194.234
251.276
303.978
325.135
370.91
436.86
476.856
510.325
841.247
1103.34
1264.31
1452.63
1582.97
1686.87
1867.72
1985.26
2068.61
2164.9
2176.64
2078.23
1979.8
1993.49
1913.07
1835.2
1761.83
1788.17
1799.79
1791.35
1805.64
1815.46
1842.03
1848.79
1867.27
1861.13
1880.13
1902.07
1896.13
1904.95
1919.66
