0.0540201
0.111061
0.161036
0.203236
0.25143
0.298959
0.349715
0.413673
0.479533
0.521595
0.546427
0.587596
0.636861
0.688592
0.763545
0.84401
0.879818
0.884499
0.917592
0.956576
1.05587
1.1681
1.33273
1.41231
1.43624
1.50135
1.56999
1.66955
1.80262
1.97648
2.06935
2.06617
2.09947
2.17295
2.25393
2.70418
3.19519
3.58566
3.76318
3.98975
6.45268
8.48155
9.87059
11.1641
12.7348
14.4114
15.3418
16.241
17.0384
51.3257
96.7743
141.184
182.103
209.545
239.3
270.798
317.657
351.708
386.094
418.412
445.506
453.48
445.888
458.626
486.949
525.102
571.366
586.932
641.363
677.01
687.683
677.18
650.28
702.583
737.732
777.906
788.943
849.209
858.818
966.453
948.788
