0.477964
1.09017
1.60451
2.12578
2.72106
3.34313
3.84467
4.18942
4.69433
5.55188
6.12573
6.46261
6.88663
7.52143
8.20776
8.62125
8.82302
8.96489
10.3677
11.0452
11.7052
12.8092
13.3855
14.654
15.72
16.0768
17.2031
19.5441
20.0515
20.237
21.1381
22.5438
24.7864
25.144
25.4092
29.8452
37.1588
42.1703
44.4788
50.7378
101.808
153.154
201.652
243.877
280.443
346.347
383.88
412.05
452.293
504.926
828.682
1110.88
1273.89
1470.21
1560.63
1723.31
1796.7
1999.7
2056.2
2183.54
2193.16
2060.05
2033.04
1993.69
1900.82
1847.98
1780.06
1783.97
1773.39
1821.23
1801.22
1833.04
1814.38
1821.41
1836.44
1852.58
1874.25
1860.44
1872.82
1872.91
1898.65
