0.182206
0.37049
0.523514
0.725413
0.898968
1.00817
1.2447
1.40949
1.51057
1.74958
1.90038
1.99557
2.22161
2.36528
2.43608
2.63746
2.82138
2.88774
3.11324
3.17212
3.38653
3.68078
3.83806
4.08221
4.39294
4.47367
4.83835
4.98753
5.30408
5.52331
5.72658
6.13037
6.3235
6.61371
6.57841
7.51554
8.48903
8.91186
9.60416
9.76963
15.1874
17.8195
19.1326
19.0072
19.4673
20.3766
20.8061
21.1195
21.6674
38.0567
45.4867
48.0997
49.717
50.9916
52.0436
52.6212
53.4994
53.9166
54.2716
54.3874
54.8314
55.1649
55.3484
55.4433
55.6962
56.0679
56.2765
56.4394
56.5765
56.6865
56.806
56.8754
56.968
57.0728
57.1841
57.2715
57.3592
57.421
57.4824
57.5192
57.5562
