0.0589573
0.12998
0.189626
0.238724
0.292965
0.348096
0.406149
0.482203
0.555834
0.607013
0.632564
0.680946
0.720959
0.76983
0.861176
0.962797
0.984031
0.979295
1.0155
1.0819
1.14638
1.28257
1.44281
1.54617
1.54919
1.61924
1.67873
1.75783
1.88832
2.06461
2.27023
2.23622
2.16128
2.36365
2.44096
2.71338
3.09452
3.44576
3.59193
3.78534
6.44253
8.28783
9.40765
10.3025
11.4084
12.8677
14.2588
14.9375
15.2108
45.128
84.939
125.187
164.796
203.562
238.252
268.262
304.452
325.3
354.652
382.342
375.471
395.359
476.923
490.138
508.494
531.711
549.717
576.242
624.753
657.373
600.914
607.441
665.597
693.769
718.014
720.905
761.737
781.85
796.258
797.424
847.347
