0.125174
0.250482
0.38243
0.499691
0.631176
0.741918
0.872503
0.985226
1.09952
1.22875
1.354
1.48646
1.54747
1.72718
1.829
1.90599
2.0262
2.13392
2.28919
2.36877
2.58359
2.86412
3.04733
3.34944
3.50443
3.81821
3.93996
4.23468
4.28931
4.58439
4.77704
4.99177
5.33874
5.38567
5.72858
6.52476
7.53524
8.40805
9.41634
10.1851
17.7623
23.2828
27.0466
30.5073
32.9941
35.2896
37.1554
38.6442
40.1371
41.0805
48.0135
50.9872
51.7378
52.9459
53.7427
54.4147
54.8122
55.2296
55.4874
55.7861
55.9658
56.1806
56.3309
56.4973
56.562
56.781
57.0012
57.1028
57.1989
57.3159
57.4199
57.4882
57.5276
57.6529
57.7286
57.8083
57.8488
57.9144
57.9501
57.9875
58.0142
