0.0558504
0.114376
0.169021
0.22326
0.282581
0.325195
0.364274
0.426682
0.500573
0.572256
0.620138
0.672921
0.733528
0.75898
0.785457
0.853364
0.951897
1.02713
1.07219
1.12207
1.24045
1.29983
1.35902
1.49323
1.67378
1.82736
1.91424
2.01726
2.14442
2.16888
2.2016
2.34441
2.57716
2.74198
2.82086
3.33933
3.91752
4.29902
4.6849
5.28077
11.0778
16.8635
22.0183
27.4626
32.7207
36.7754
40.3664
46.0613
54.3787
60.9804
112.806
161.553
211.511
244.983
272.556
314.439
369.695
413.198
441.652
472.801
509.135
523.473
538.068
569.32
554.709
558.729
620.051
665.696
627.814
726.098
695.038
671.502
685.655
768.354
761.106
836.521
728.208
815.869
748.987
850.366
790.546
