0.0529054
0.103749
0.159898
0.226417
0.275555
0.334679
0.391038
0.433855
0.465763
0.532421
0.618429
0.6798
0.727165
0.782426
0.818209
0.831223
0.8944
1.00675
1.07473
1.11282
1.22848
1.313
1.35559
1.47079
1.66528
1.81463
1.89596
2.00864
2.08408
2.092
2.18733
2.43439
2.60069
2.67717
2.73989
3.24772
3.61012
4.07451
4.83564
5.63086
10.9374
16.2238
21.5439
25.7084
30.1207
36.4596
43.0562
48.4407
53.9694
59.4146
106.981
152.417
204.212
253.786
292.057
326.371
376.354
396.272
393.639
430.317
435.104
450.124
556.416
589.821
584.033
587.341
621.537
659.824
709.929
750.68
643.711
720.726
733.617
780.401
833.194
849.701
800.932
847.909
866.383
874.164
849.34
