0.1298
0.24942
0.384421
0.488303
0.616226
0.741059
0.852964
0.985132
1.06454
1.24175
1.34978
1.45468
1.56214
1.70572
1.86611
1.90852
2.03692
2.12869
2.27299
2.34506
2.58016
2.83636
3.05529
3.23785
3.51856
3.70099
3.90329
4.0247
4.33761
4.46984
4.74993
4.87786
5.19153
5.25766
5.52542
6.47223
7.36991
8.0771
9.09516
9.49743
16.032
21.4602
25.2651
28.8915
31.4247
33.5541
35.8507
37.3149
38.6711
39.635
47.082
50.1427
50.8434
52.2106
53.1258
53.8737
54.3587
54.7426
55.13
55.3806
55.6635
55.8644
56.0423
56.2136
56.5121
56.7283
56.9146
57.0281
57.1469
57.2579
57.3486
57.4317
57.4938
57.5997
57.6784
57.7664
57.8252
57.8455
57.9209
57.9621
57.9886
