0.475306
1.04639
1.52366
2.02893
2.55183
3.13147
3.69709
4.21269
4.59651
5.07483
5.84348
6.40661
6.64928
7.14791
7.72706
8.35151
8.85903
9.08876
9.6173
10.4149
11.5646
11.5532
12.4703
13.7239
14.7366
16.3236
16.9634
18.0598
19.1249
20.0468
20.3501
21.0601
22.9462
24.7517
25.7906
28.1265
34.2472
40.41
44.444
47.8277
93.8666
144.686
198.988
237.387
273.721
319.971
370.407
408.797
423.908
475.515
811.976
1073.15
1267.99
1452.86
1603.05
1657.01
1826.15
1876.2
2020.25
2129.56
2163.78
2082.46
2033.93
1985.43
1899.71
1792.33
1771.52
1770.2
1778.06
1779.71
1809.04
1804.95
1814.66
1843.93
1852.75
1850.09
1861.05
1869.27
1868.73
1888.06
1902.09
