0.509351
1.03706
1.62538
2.18897
2.63534
3.14493
3.71591
4.40805
4.88286
5.30076
5.82836
6.47548
7.01592
7.47679
7.87361
8.44789
8.98895
9.37815
9.52689
10.0274
11.6039
12.7177
13.4302
14.316
15.1388
16.9781
18.0637
18.0653
19.5989
21.3955
22.1874
22.9456
22.0234
23.9229
26.5093
32.5938
35.1541
39.617
47.2906
50.8133
100.322
147.464
193.699
249.364
303.195
331.821
379.4
435.374
474.861
497.83
813.008
1096.59
1244.13
1479.03
1565.39
1709.02
1810.37
1947.47
2071.36
2135.92
2162.29
2044.38
2048.44
1997.02
1911.12
1855.9
1769.35
1789.36
1787
1798.44
1823.43
1812.81
1827.61
1829.77
1860.52
1860.89
1868.75
1883.57
1921.17
1898.59
1933.43
