0.170839
0.352592
0.521017
0.692212
0.863951
1.00412
1.1359
1.30086
1.42527
1.57866
1.72274
1.75756
2.00846
2.16803
2.25553
2.39439
2.50952
2.63724
2.8141
2.90669
3.13049
3.30199
3.57899
3.81769
3.98179
4.25523
4.46241
4.59713
4.74827
5.12128
5.13944
5.50604
5.67807
5.90179
6.01377
6.81912
7.25411
7.96215
8.01736
8.58306
8.91721
9.78904
10.4778
11.5411
12.1407
11.9433
12.191
12.7413
12.7658
20.4806
22.6648
23.2988
23.4473
23.6475
23.8994
24.0831
24.2191
24.3307
24.4266
24.5077
24.6768
24.7271
24.6656
24.7185
24.7203
24.811
24.865
24.8994
24.9919
25.0123
25.0938
25.1167
25.1147
25.1387
25.1537
25.102
25.1332
25.2086
25.2587
25.2704
25.256
