0.0858261
0.174333
0.257673
0.339829
0.418478
0.493529
0.568032
0.632741
0.698918
0.762328
0.824029
0.910268
0.982887
1.06653
1.12182
1.18248
1.26097
1.32319
1.38571
1.45589
1.58123
1.6853
1.78394
1.89903
2.03409
2.14431
2.25433
2.33992
2.47519
2.58514
2.64994
2.7776
2.9316
3.00432
3.10573
3.40502
3.69269
4.07009
4.39494
4.62925
6.26345
7.23025
7.85586
8.52735
8.84664
9.28919
9.55196
9.86856
10.1527
17.7435
21.8238
23.0757
23.718
24.1329
24.5178
24.7255
24.879
24.9875
25.109
25.2076
25.2716
25.3103
25.3716
25.4305
25.4709
25.4289
25.5424
25.5743
25.6764
25.7769
25.8104
25.8596
25.8593
25.8256
25.933
25.9681
25.9756
26.0412
26.0496
25.9961
26.0172
