0.408906
0.912599
1.40259
1.91622
2.42275
2.91646
3.49665
4.01699
4.34902
4.67315
5.52547
5.81081
6.43714
6.83891
7.63078
7.95502
8.06307
8.57159
9.21701
9.8167
11.0077
11.7485
11.9977
13.5637
14.4803
15.7704
16.3785
17.4903
18.2984
19.2543
20.0547
21.0824
21.981
22.8682
23.8235
27.3755
33.922
37.4505
43.8719
48.0453
92.524
145.38
194.337
237.589
288.841
333.743
378.842
387.455
399.258
435.95
585.906
578.384
581.845
544.547
526.71
540.269
544.407
556.679
573.39
579.671
581.796
583.598
588.525
596.758
603.111
605.491
609.473
612.833
619.485
617.967
621.276
626.565
623.889
627.88
629.089
632.538
635.574
634.763
635.404
637.381
633.748
