0.416064
0.928933
1.43757
1.90568
2.40294
2.86199
3.39764
3.7793
4.34242
4.7928
5.41164
5.85963
6.38208
7.00904
7.02454
7.84584
8.16694
8.52307
9.18039
9.72515
11.0034
11.1584
12.708
13.6712
14.1868
15.5263
16.5958
17.4953
17.8972
19.2162
20.236
21.7978
22.0717
22.9215
24.3919
28.7786
33.4584
38.6324
43.3095
48.2905
95.0269
142.633
192.089
242.921
280.697
321.389
375.604
384.86
404.791
433.058
576.684
572.718
578.824
537.816
532.167
543.622
541.439
555.947
570.281
581.297
582.399
582.512
592.357
594.481
601.68
602.546
609.566
612.769
620.398
617.065
622.535
628.515
621.986
627.335
627.078
631.855
633.031
634.526
635.966
638.013
633.872
