0.167187
0.327842
0.477655
0.623007
0.782695
0.923824
1.01387
1.14045
1.27399
1.40133
1.52
1.65281
1.77984
1.87477
2.02394
2.10242
2.23769
2.3485
2.49997
2.6264
2.8737
3.13294
3.25396
3.4941
3.63009
3.84895
3.98099
4.16827
4.40055
4.50751
4.72906
4.93446
5.1324
5.30516
5.34307
5.9496
6.42477
6.90225
7.29966
7.48028
8.95695
9.79944
9.97186
10.2448
10.6448
10.8902
11.2248
11.3301
11.4173
20.2815
22.4001
23.0373
23.1604
23.4955
23.7225
23.9176
24.0625
24.1657
24.2775
24.3555
24.4132
24.4713
24.5186
24.5644
24.593
24.6574
24.7036
24.7606
24.8013
24.8425
24.8645
24.8821
24.8733
24.9071
24.9537
24.9749
24.9727
24.9817
25.0023
25.0119
25.019
