0.0879657
0.179781
0.268421
0.354138
0.445814
0.530047
0.623225
0.713143
0.774881
0.881994
0.96816
1.052
1.1347
1.21103
1.30169
1.3884
1.4731
1.5413
1.63675
1.71292
1.8124
2.00177
2.08066
2.25577
2.39256
2.55469
2.65695
2.83807
2.99486
3.15103
3.27598
3.40906
3.52668
3.68217
3.77041
4.46562
5.07033
5.68012
6.01385
6.01252
6.86048
7.87769
8.81281
9.47351
10.5797
11.282
11.6038
11.9008
12.079
18.7215
21.4039
22.5575
23.3572
23.5114
23.8625
24.0668
24.3373
24.3234
24.3573
24.5692
24.4916
24.6973
24.6146
24.7466
24.724
24.8633
24.9316
24.9696
25.0242
25.0476
25.095
25.1254
25.1393
25.1415
25.1736
25.1309
25.1606
25.2198
25.237
25.2419
25.2803
