0.0953912
0.194101
0.292022
0.389297
0.485705
0.583556
0.681203
0.793279
0.871552
0.937116
1.06616
1.1658
1.26358
1.36057
1.45936
1.54708
1.64352
1.73951
1.81463
1.87049
2.11094
2.18638
2.35572
2.5252
2.70533
2.87812
3.06426
3.23243
3.41728
3.59777
3.77441
3.94623
4.12865
4.29955
4.48294
5.33496
6.16375
7.00158
7.77517
8.45133
13.2744
15.6551
17.0816
18.3533
19.1574
19.834
20.2862
20.736
21.1313
21.4224
22.9946
23.7529
24.0445
24.2926
24.4988
24.598
24.6769
24.7106
24.7297
24.7546
24.8203
24.8455
24.9045
24.9786
24.9654
25.0098
25.0466
25.1327
25.1318
25.1353
25.1877
25.2056
25.2004
25.2103
25.23
25.2625
25.3253
25.3433
25.3322
25.351
25.3603
