0.416504
0.938236
1.51067
1.96202
2.51431
3.10457
3.53013
3.92631
4.56396
4.8086
5.49474
5.84736
6.36438
6.76195
7.34633
7.75875
8.45467
8.77689
9.09014
9.83178
10.1703
11.7272
12.6898
14.029
15.0416
15.7461
16.8617
16.9037
18.9874
19.874
20.2916
21.4812
22.7378
20.3759
24.2875
28.7487
34.2862
39.388
43.3755
45.9374
97.4375
145.449
194.801
241.566
276.247
332.255
379.864
379.869
403.162
433.294
577.146
574.152
575.188
544.624
532.998
536.526
544.364
560.226
573.883
576.413
581.705
584.425
591.236
597.509
603.185
604.3
605.789
612.495
618.272
618.446
618.83
622.333
620.083
626.96
628.827
629.847
630.927
632.666
632.74
635.736
636.28
