0.183486
0.363332
0.544223
0.724192
0.885969
1.06154
1.23071
1.39505
1.57508
1.71866
1.89033
2.03664
2.14376
2.34569
2.49256
2.6256
2.74319
2.87021
3.0582
3.17949
3.47324
2.82442
3.04227
3.22251
3.4185
3.60874
3.79782
3.99217
4.16006
4.33618
4.52459
4.71518
4.86735
5.03777
5.23574
6.0095
6.75744
7.42772
8.03992
8.65631
12.9175
15.2654
16.7326
18.2671
18.9134
19.9417
20.3483
20.9978
21.0813
21.6807
23.3162
23.7729
23.7283
23.9823
24.1436
24.317
24.4104
24.4983
24.5857
24.6655
24.7003
24.7669
24.8118
24.8624
24.8708
24.8964
25.0388
25.0356
25.0492
25.0271
25.1212
25.1832
25.1377
25.1916
25.2168
25.2163
25.2883
25.2983
25.2819
25.3152
25.3308
