0.183717
0.364615
0.535948
0.732234
0.861153
1.02526
1.19943
1.36224
1.49491
1.63204
1.81373
1.93802
2.09258
2.228
2.40671
2.49713
2.56842
2.81547
2.92471
3.0989
3.38284
2.81567
3.00165
3.19702
3.37122
3.58422
3.76727
3.97217
4.15401
4.36097
4.6278
4.86886
5.01834
5.14523
5.37168
6.19254
6.91085
7.62742
8.19084
8.79819
13.1193
15.6294
17.2466
18.3994
19.303
19.9982
20.2027
20.9513
21.202
21.5227
23.0953
23.459
23.5467
23.8169
24.0777
24.1761
24.2673
24.3653
24.4521
24.519
24.5586
24.6162
24.652
24.6907
24.7239
24.7736
24.8468
24.8416
24.8764
24.9263
24.9452
24.9486
24.9524
24.9758
24.9934
25.0141
25.0377
25.0527
25.0657
25.0759
25.0709
