0.414981
0.915954
1.39785
1.91245
2.42781
2.8455
3.42927
3.87864
4.45648
5.03308
5.45631
5.779
6.25176
7.19513
7.5765
7.84734
8.25767
8.96071
9.01584
9.64709
10.9605
12.1212
12.7962
13.2618
15.1349
15.1804
16.7625
17.6548
18.2933
19.5545
20.8372
21.5699
21.2707
23.5486
24.3638
29.0126
33.9539
38.7018
43.2855
47.9639
94.2042
143.462
193.987
237.965
281.187
335.747
381.634
387.224
406.207
436.488
584.294
578.423
575.388
545.978
535.565
543.455
546.708
557.318
571.331
578.494
579.053
583.685
592.776
598.077
605.448
607.878
608.87
614.298
618.695
619.297
619.851
625.095
621.24
625.123
627.399
631.287
634.363
634.789
635.72
637.178
636.089
