0.0967858
0.195785
0.293848
0.385675
0.481694
0.574062
0.659988
0.735783
0.812057
0.920524
1.0188
1.10974
1.18534
1.27664
1.38141
1.4755
1.54862
1.64706
1.73366
1.82588
1.95673
2.09056
2.23253
2.39782
2.55369
2.76287
2.92443
3.11877
3.25282
3.45161
3.63567
3.76252
3.92154
4.15709
4.31422
5.1939
5.91907
6.73788
7.46933
8.19768
12.4072
15.1449
16.8496
18.1069
19.0805
19.7919
20.4967
21.1072
21.5781
22.0183
24.0321
24.8263
25.2832
25.5722
25.7778
25.9345
26.0534
26.127
26.0874
26.1235
26.1727
26.2222
26.2621
26.2778
26.372
26.4335
26.4745
26.4503
26.4534
26.5312
26.5791
26.5886
26.6002
26.7778
26.7354
26.7412
26.7659
26.7118
26.6994
26.7547
26.7585
